1107
1043
1123
1053
1009
1414
1393
1007
1051
1506
1070
1095
1062
1089
1055
1142
1354
1427
1526
1122
1040
1056
1039
1041
1126
1060
1439
1484
1516
1347
1054
1344
1068
1430
1135
1428
1352
1044
1131
1052
1341
1087
1398
1001
1114
1050
1047
1429
2103
2102
2023
1245
2055
2056
2054
2024
2027
1260
2006
2018
2004
2021
1130
1456
1420
1082
1088
1515
1440
2058
1540
2019
1152
1370
1541
1438
2022
1013
1510
1148
1249
2052
2051
2053
2050
2048
2049
2044
2045
2046
2047
2043
2042
2041
1328
1522
1538
2057
2035
2033
2030
2031
2009
1369
1399
1487
2038
2036
2034
2028
1394
1406
1422
1494
1521
2037
2032
2029
1534
1192
1490
1539
1500
1099
1545
1416
2012
2011
2014
2013
2010
2001
2008
1168
2003
2002
2016
2015
2007
1027
1064
1014
1011
1183
1029
1349
1059
1022
1010
1106
1021
1401
1290
2069
1023
2017
1335
1019
2065
2059
1049
1237
1094
1581
1631
1501
1528
1567
1348
1576
2063
1570
1571
1572
1573
2062
2067
2064
2000
1026
1144
1497
1146
1535
1536
1015
1006
1132
2070
2093
2072
1537
1084
1417
1353
1404
1110
3022
1172
1651
1109
1381
1587
1638
1689
1081
3020
1000
2020
1005
1125
1350
1061
1008
1083
1574
1402
1666
3002
3004
3126
2105
1134
1100
1136
1032
1613
1659
1686
3016
3153
3181
1030
1090
1086
1532
1696
3019
3127
3174
1108
1141
1413
2026
2091
2084
1058
1048
1149
1569
1580
1582
1583
3108
2099
1033
1065
1069
1105
1314
1586
1621
1658
1671
3042
3158
2080
2083
1257
1046
1304
1533
1615
1640
3015
3025
3030
3155
2088
2092
2085
2086
1116
1224
1038
1017
1150
1409
1650
3159
3183
1411
1523
1575
1633
3029
3129
2106
2025
1158
1063
1332
1101
1418
1552
1553
1616
1626
1672
1676
3012
3013
3114
3180
2073
1415
1520
1530
1639
3006
3008
3048
2109
2108
2122
2124
1112
1550
1665
3046
3090
3179
2081
2082
1524
1614
3059
2104
2112
3000
3078
2126
2125
2120
2119
2118
1057
1632
2121
2117
2114
1247
3131
2101
2116
2115
2111
2110
1077
3028
2113
3137
3151
3152
3162
1555
1025
3139
1311
1037
1067
1091
3003
3189
1024
1362
1568
3124
1092
2074
2078
1035
1588
3169
3178
1104
1036
1031
1407
3049
1012
1584
1016
1222
1115
1085
1585
3150
1128
1699
3176
3190
1078
1419
1565
2079
3119
1321
1190
2127
1560
1076
1410
1425
1517
1444
1461
1489
1505
1343
1498
1491
1509
1507
1488
2100
1578
1596
1625
1627
1629
1630
1641
1642
1643
1647
1648
1649
1652
1653
1654
1660
1661
1667
1668
1670
1675
1682
1691
1693
1694
1697
1698
1701
1702
3001
3007
3014
3017
3018
3021
3024
3031
3032
3034
3035
3037
3038
3043
3044
3045
3047
3050
3061
3062
3064
3065
3077
3080
3081
3084
3085
3087
3089
3092
3094
3104
3105
3120
3125
3134
3135
3136
3143
3146
3147
3154
3156
3157
3163
3164
3167
3172
3175
3177
3182
3184
3185
3186
3187
3188
3191
3192
3193
3194
3195
3196
3197
2107
1544
1655
1656
1657
3009
3058
1424
1426
1504
1351
1397
1042
1423
1527
1529
2066
2040
1020
